OpCode	ImagePtPair	Index	Lx	Ly	Rx	Ry
1	0	0	1317.60756	535.97015	602.39244	503.73134
100	0	0	1343.79853	642.76119	622.53935	614.55224
100	1	0	1173.18783	593.94030	1209.56978	602.00000
100	1	1	1273.92235	598.97761	1305.26758	623.15672
100	2	0	1467.90346	678.38060	1395.14586	732.98507
100	2	1	1527.33683	646.14179	1490.17209	712.50000
100	3	0	1290.28856	611.89552	1298.17314	639.40299
100	3	1	1370.87618	601.14925	1378.08919	639.40299
100	4	0	1530.36201	702.26866	1411.40609	767.75373
100	4	1	1668.03253	680.77612	1562.50787	768.42537
101	0	0	1323.65163	640.74627	660.81847	699.17910
102	0	0	1519.07660	564.17910	427.11438	533.95522
103	0	0	1200.75551	689.10448	654.77440	727.38806
105	0	0	1188.66737	646.79104	684.99475	679.02985
106	0	0	1624.75248	574.90099	1674.35644	665.90099
106	0	1	1756.93069	557.97030	1821.98020	666.19802
107	0	0	1251.12277	592.38806	620.52466	666.94030
107	1	0	1139.15635	837.25373	1038.11962	878.47015
107	1	1	1321.82162	808.70896	1247.31165	857.64925
107	2	0	1185.62959	780.15672	1184.01154	819.45522
107	2	1	1329.00839	745.23134	1344.51522	790.23881
107	3	0	630.81322	758.44030	596.69045	766.32836
107	3	1	785.27282	861.53731	721.26548	876.47761
107	4	0	1570.70094	868.74627	1382.67891	952.03731
107	4	1	1797.35362	840.53731	1682.53200	936.58955
107	5	0	1422.18573	729.23134	1468.91081	777.14925
107	5	1	1568.92235	729.90299	1604.90241	784.87313
107	6	0	1634.92130	807.16418	1514.37985	885.23134
107	6	1	1837.06191	807.50000	1766.21616	900.00746
107	7	0	1275.82057	526.81343	1418.03568	551.06716
107	7	1	1393.67996	515.73134	1557.04932	540.32090
107	8	0	821.33473	531.64179	1042.20252	549.42537
107	8	1	903.93704	524.92537	1128.83421	544.38806
107	9	0	1558.39140	731.32836	1641.49423	782.37313
107	9	1	1707.81427	719.23881	1795.28227	779.68657
107	10	0	1146.27177	829.28358	1066.13431	865.12687
107	10	1	1375.94648	800.06716	1321.32844	852.36567
107	11	0	1033.31584	773.65672	988.08290	802.34328
107	11	1	1248.55194	779.36567	1237.56873	823.50000
107	12	0	1161.51417	670.29851	1202.05561	701.97761
107	12	1	1363.31899	692.46269	1417.62749	732.87313
108	0	0	1565.41448	564.17910	517.77545	578.28358
109	0	0	1176.57922	517.83582	717.22980	578.28358
109	1	0	861.90556	903.32836	810.19098	923.82836
109	1	1	1115.69990	878.80597	1046.24554	917.78358
109	2	0	873.10073	666.25373	1028.11857	687.32090
109	2	1	777.40294	668.60448	930.07030	690.00746
109	3	0	1373.17209	796.46269	1485.15005	841.38806
109	3	1	1232.14376	789.07463	1330.69045	826.94776
109	4	0	1076.84995	768.25373	1176.68311	801.01493
109	4	1	1213.17733	771.61194	1329.12802	805.04478
11	0	0	1494.90031	556.11940	360.62959	489.62687
11	1	0	1845.14851	453.86139	1671.68317	651.08911
11	1	1	1617.02970	470.49505	1407.92079	611.88119
11	2	0	1248.71287	516.83168	1078.81188	584.55446
11	2	1	1039.60396	539.40594	857.82178	559.60396
11	3	0	1656.23762	477.62376	1431.68317	636.83168
11	3	1	1416.23762	501.38614	1178.61386	603.56436
11	4	0	1720.39604	481.18812	1513.66337	651.08911
11	4	1	1504.15842	496.63366	1297.42574	621.38614
110	0	0	553.26733	702.47525	505.83168	594.12871
110	0	1	760.00000	687.32673	699.19802	614.62376
110	1	0	642.04950	666.75248	609.34653	574.79208
110	1	1	805.11881	663.18812	777.24752	605.03960
110	2	0	662.74257	677.16832	635.31683	589.43564
110	2	1	783.93069	671.22772	766.30693	610.82178
110	3	0	932.73267	649.95050	939.44554	615.82178
110	3	1	1059.56436	641.63366	1079.04950	630.37624
110	4	0	1119.75248	669.84158	1109.93069	668.77228
110	4	1	1256.23762	662.57426	1244.48515	686.00000
111	0	0	1730.61910	509.77612	515.76076	535.97015
112	0	0	1410.28332	596.41791	562.09864	652.83582
114	0	0	1208.81427	624.62687	586.27492	632.68657
115	0	0	1295.44596	666.94030	705.14166	711.26866
115	1	0	196.91815	608.79104	455.00630	618.49254
115	1	1	294.29486	607.44776	541.63799	614.79851
115	2	0	312.04827	593.83582	387.94963	607.43284
115	2	1	424.53515	592.82836	466.18678	608.10448
115	3	0	250.43757	610.41045	334.88667	620.39552
115	3	1	336.06191	608.39552	417.15320	619.38806
115	4	0	431.32739	597.98507	700.45016	609.75373
115	4	1	514.60126	595.63433	776.67261	609.41791
115	5	0	351.02833	592.00000	447.54565	614.07463
115	5	1	419.19203	589.64925	528.13326	613.73881
116	0	0	1003.48515	566.88119	1082.11881	548.83168
116	0	1	1111.30693	555.00000	1192.61386	556.25743
116	1	0	1444.50495	492.15842	1607.22772	553.94059
116	1	1	1497.97030	488.00000	1659.20792	556.61386
116	2	0	1526.33663	485.93069	1695.14851	559.55446
116	2	1	1591.38614	475.23762	1764.95050	562.82178
116	3	0	969.89109	544.07921	1101.69307	526.80198
116	3	1	1039.99010	538.13861	1172.98020	533.03960
15	0	0	1307.53410	576.26866	580.23085	499.70149
17	0	0	1222.91710	602.46269	1041.59496	670.97015
18	0	0	1688.31060	523.88060	342.49738	521.86567
19	0	0	572.75248	619.41584	638.23762	571.21782
19	0	1	651.16832	615.05941	707.54455	583.89109
19	1	0	1191.84158	782.22772	1005.64356	848.78218
19	1	1	1069.46535	739.05941	906.63366	776.30693
20	0	0	492.26733	688.65347	427.76238	608.37624
20	0	1	656.61386	681.17822	571.12871	628.97030
20	1	0	645.46535	710.18812	483.27723	639.90099
20	1	1	857.94059	685.43564	677.53465	664.45545
20	2	0	658.76238	677.28713	554.82178	623.58416
20	2	1	833.97030	663.05941	720.56436	647.14851
20	3	0	746.27723	725.45545	619.08911	685.31683
20	3	1	897.35644	710.74257	757.10891	706.50495
20	4	0	1475.83168	638.69307	1318.99010	769.06931
20	4	1	1656.39604	617.28713	1519.78218	795.00990
20	5	0	1650.02970	665.21782	1462.66337	838.06931
20	5	1	1865.34653	653.75248	1702.26733	882.42574
3	0	0	1247.09339	614.55224	715.21511	666.94030
4	0	0	1210.82896	618.58209	807.89087	681.04478
5	0	0	1265.22560	602.46269	662.83316	600.44776
54	0	0	1302.20820	572.35955	627.88644	582.47191
56	0	0	1277.31375	558.13433	648.73033	592.38806
58	0	0	678.53465	684.11551	490.71287	620.98790
58	0	1	914.93069	643.46865	706.05941	631.76018
58	1	0	767.03960	758.95710	496.24752	701.42904
58	1	1	963.59406	696.21672	726.52475	692.64136
58	2	0	707.89109	734.50495	548.47525	686.12871
58	2	1	906.86139	707.90099	738.34653	700.91089
58	3	0	560.15842	746.05281	405.38614	655.12211
58	3	1	712.08911	705.05831	547.06931	651.38174
58	4	0	955.24752	595.24752	965.94059	626.13861
58	4	1	1052.67327	585.74257	1060.99010	636.83168
58	5	0	985.17822	607.31683	949.81188	636.92079
58	5	1	1107.35644	586.92079	1082.95050	650.42574
58	6	0	1003.39604	630.48515	912.91089	657.30693
58	6	1	1104.18812	615.83168	1017.66337	667.20792
58	7	0	653.25743	687.06931	530.67327	629.50495
58	7	1	783.15842	661.32673	665.54455	632.65347
58	8	0	892.27723	605.94059	864.95050	616.63366
58	8	1	987.32673	594.05941	962.37624	627.32673
58	9	0	893.46535	585.74257	927.92079	604.75248
58	9	1	996.83168	565.54455	1031.28713	610.69307
58	10	0	610.69307	673.66337	558.41584	614.25743
58	10	1	712.87129	655.84158	662.97030	621.38614
6	0	0	1293.43127	574.25373	654.77440	533.95522
61	0	0	1146.35887	721.34328	940.86044	799.92537
64	0	0	1758.82476	128.95522	149.08709	151.11940
65	0	0	1432.44491	584.32836	451.29066	642.76119
66	0	0	1404.23924	465.44776	1005.33054	527.91045
67	0	0	1182.62329	570.22388	680.96537	582.31343
68	0	0	1871.64743	535.97015	183.33683	622.61194
69	0	0	1424.38615	521.86567	533.89297	527.91045
70	0	0	805.87618	650.82090	622.53935	576.26866
70	1	0	1545.08290	730.00000	1338.13431	883.20149
70	1	1	1743.52991	716.23134	1545.64743	921.82090
71	0	0	1146.35887	542.01493	547.99580	540.00000
71	1	0	449.70619	830.05970	435.07660	838.67164
71	1	1	225.06821	846.85075	254.09024	841.02239
71	2	0	1397.82791	662.35075	1522.21511	717.65672
71	2	1	1546.24344	650.93284	1684.73347	708.92537
71	3	0	1039.31689	728.29851	1090.64533	776.31343
71	3	1	871.09024	755.83582	900.92865	795.45522
71	4	0	880.39769	675.76866	935.03253	717.35075
71	4	1	665.83316	674.76119	720.80378	707.27612
71	5	0	1353.84050	754.31343	1311.72508	817.85075
71	5	1	1586.87303	758.34328	1503.45645	848.07463
71	6	0	1054.59811	707.33582	1120.28017	754.14179
71	6	1	870.92550	701.62687	953.39664	741.38060
71	7	0	957.25184	648.08955	1074.28122	688.79104
71	7	1	1117.08395	628.94776	1225.04722	676.02985
72	0	0	1232.99056	564.17910	695.06821	590.37313
73	0	0	1184.63799	584.32836	707.15635	620.59701
74	0	0	1202.77020	562.16418	695.06821	600.44776
74	1	0	210.71249	794.04478	267.11228	792.97761
74	1	1	371.55194	740.64925	452.79958	747.64179
74	2	0	1378.19412	659.87313	1370.07870	715.15672
74	2	1	1144.49003	717.97015	1113.54145	772.91791
74	3	0	357.42392	773.20896	362.35782	782.69403
74	3	1	564.60126	747.35075	573.22875	768.25373
74	4	0	1160.50682	708.98507	1113.76915	759.74627
74	4	1	1378.09339	698.23881	1338.07135	757.05970
74	5	0	793.45016	639.67910	920.83001	675.09701
74	5	1	933.13536	636.32090	1053.79958	672.41045
74	6	0	1162.17104	714.61940	1161.79119	767.17910
74	6	1	1349.53725	689.09701	1358.22350	747.36567
74	7	0	694.53935	787.85821	642.63484	820.65672
74	7	1	426.24974	845.61940	378.03882	844.50000
75	0	0	1390.13641	548.05970	501.65792	572.23881
75	1	0	1400.20986	562.16418	497.62854	566.19403
76	0	0	1269.25498	578.28358	638.65687	632.68657
76	1	0	780.09234	592.02985	934.87408	624.39552
76	1	1	910.71144	592.02985	1033.25813	622.71642
76	2	0	1295.53095	635.06716	1396.31270	689.55224
76	2	1	1390.89297	607.19403	1517.52991	657.64925
76	3	0	524.67366	652.65672	557.49213	676.71642
76	3	1	735.88038	666.76119	756.27492	697.20149
76	4	0	1164.33998	661.61940	1231.57293	708.67910
76	4	1	1354.05666	662.29104	1431.69885	716.06716
76	5	0	869.88877	589.09701	965.01889	623.05224
76	5	1	988.41973	585.73881	1087.57922	623.72388
77	0	0	1432.44491	525.89552	298.17419	505.74627
78	0	0	1321.63694	550.07463	622.53935	604.47761
79	0	0	1029.50682	1017.53731	739.39140	1035.67164
79	1	0	1272.69780	785.14925	1281.07765	845.79851
79	1	1	1422.12067	748.88060	1458.03463	811.54478
79	2	0	218.81532	861.06716	312.94019	859.21642
79	2	1	342.71878	838.23134	438.52256	840.41045
79	3	0	1513.80797	755.08955	1564.80273	828.24627
79	3	1	1649.46380	741.32090	1715.23295	818.84328
79	4	0	810.16264	712.31343	976.12592	745.36567
79	4	1	715.47219	730.78358	878.74921	760.14179
79	5	0	751.16789	820.04478	807.97692	838.97761
79	5	1	887.49528	790.82836	907.70409	831.92537
8	0	0	1029.50682	749.55224	779.68520	787.83582
80	0	0	1307.53410	564.17910	755.50892	580.29851
83	0	0	1245.07870	642.76119	785.72928	711.26866
86	0	0	1263.21091	636.71642	646.71563	687.08955
87	0	0	1273.28437	606.49254	751.47954	672.98507
88	0	0	1390.13641	326.41791	495.61385	247.83582
88	1	0	247.89927	519.04478	244.80797	382.25373
88	1	1	385.56978	484.11940	371.06191	368.14925
88	2	0	288.19307	584.52985	279.02623	444.97015
88	2	1	431.57188	558.00000	411.32424	441.94776
88	3	0	372.58027	539.91045	348.69780	416.37313
88	3	1	506.89297	492.89552	483.34627	392.86567
88	4	0	1382.98216	510.70896	1313.47219	547.67910
88	4	1	1552.21616	516.75373	1484.72088	580.25373
88	5	0	445.89402	549.54478	420.52361	437.02985
88	5	1	586.92235	517.97761	558.19412	425.94776
88	6	0	716.37671	495.41045	698.61175	423.97761
88	6	1	845.65268	484.32836	807.40504	435.39552
88	7	0	839.22036	486.73881	790.19517	433.30597
88	7	1	985.95698	480.02239	931.55929	449.08955
88	8	0	697.73452	544.72388	651.49633	471.10448
88	8	1	826.00315	525.58209	777.07870	471.10448
88	9	0	856.03358	526.44776	818.70514	475.62687
88	9	1	995.04722	505.62687	949.32424	477.64179
88	10	0	831.52151	572.45522	770.35257	516.93284
88	10	1	981.61595	554.65672	920.11123	523.64925
88	11	0	301.24659	597.14179	264.32529	456.44776
88	11	1	424.47849	569.94030	388.56453	453.42537
88	12	0	240.47219	618.44030	212.58762	469.73134
88	12	1	360.68206	606.35075	334.47639	475.44030
88	13	0	304.91081	639.79851	272.19517	497.11940
88	13	1	449.96852	584.05224	412.88772	468.23881
88	14	0	862.50157	463.14925	828.47219	413.99254
88	14	1	999.83631	452.06716	965.80693	425.74627
88	15	0	1299.52151	502.92537	1206.56558	518.22388
88	15	1	1463.04722	498.89552	1369.41973	540.72388
88	16	0	1328.73452	522.73881	1262.97692	548.11194
88	16	1	1479.16474	526.09701	1418.77964	576.65672
88	17	0	220.23190	642.55970	206.48478	490.30597
88	17	1	350.17943	592.18657	342.47639	464.78358
88	18	0	25.51941	674.32836	1.67891	485.05970
88	18	1	186.69465	654.51493	149.75866	491.77612
88	19	0	161.26653	591.29104	122.87408	436.85821
88	19	1	303.97377	552.33582	268.93914	417.71642
88	20	0	552.23715	485.14925	549.05561	393.78358
88	20	1	680.84155	459.96269	669.60126	388.41045
88	21	0	829.09969	550.41045	783.09969	494.35821
88	21	1	944.27282	525.55970	895.92235	486.97015
88	22	0	885.84680	585.33582	824.40084	537.67910
88	22	1	1040.97796	559.81343	980.20357	539.35821
88	23	0	975.41133	405.81343	961.54355	375.55970
88	23	1	1127.85624	400.44030	1099.54984	393.69403
88	24	0	1086.04827	438.79851	1108.69255	432.46269
88	24	1	1233.12067	425.02985	1256.10073	439.85075
88	25	0	931.55824	482.08209	881.69780	439.05970
88	25	1	1099.11333	468.64925	1026.08395	454.84328
88	26	0	1078.58762	463.35075	1032.01889	450.66418
88	26	1	1202.82686	446.55970	1142.49108	448.31343
88	27	0	943.99685	532.43284	879.12907	494.34328
88	27	1	1089.72613	507.91791	1009.41238	491.99254
88	28	0	655.74921	529.39552	617.55299	450.69403
88	28	1	802.15005	513.61194	745.15005	452.70896
88	29	0	1678.31060	551.19403	1620.10703	638.62687
88	29	1	1843.51522	544.14179	1795.38510	661.46269
88	30	0	1612.60231	452.64925	1523.92340	517.33582
88	30	1	1784.52256	456.34328	1711.28961	552.59701
88	31	0	1046.42812	464.34328	964.68311	439.02985
88	31	1	1202.90241	437.14179	1115.44911	439.70149
88	32	0	586.90871	546.90299	567.37671	455.73134
88	32	1	720.88562	507.27612	696.98846	440.28358
88	33	0	855.96013	591.46269	775.61910	537.97015
88	33	1	1035.60336	574.33582	955.93389	551.06716
88	34	0	380.73662	545.73134	375.74921	426.47761
88	34	1	506.31899	502.74627	485.21406	402.29851
88	35	0	1137.46485	537.33582	1059.11438	527.04478
88	35	1	1280.17209	525.91791	1207.19412	543.50000
88	36	0	766.51417	513.68657	757.94019	456.02239
88	36	1	906.87093	497.23134	885.87303	453.00000
88	37	0	967.67576	523.01493	924.20252	491.88060
88	37	1	1111.09864	492.54478	1061.53725	481.47015
88	38	0	813.49423	515.07463	756.58237	457.71642
88	38	1	976.34837	485.18657	911.04197	451.00000
88	39	0	281.88667	652.02985	239.30325	504.32836
88	39	1	421.90766	627.85075	382.68206	507.01493
90	0	0	1329.69570	628.65672	509.71668	560.14925
91	0	0	1343.79853	540.00000	618.50997	598.43284
92	0	0	389.10891	716.07921	363.83168	581.50495
92	0	1	515.04950	716.07921	499.27723	603.48515
92	1	0	323.16832	747.10891	264.95050	595.24752
92	1	1	464.55446	735.82178	412.27723	610.69307
92	2	0	556.20792	720.45545	534.65347	613.06931
92	2	1	678.59406	708.29703	652.15842	626.92079
92	3	0	804.69307	620.28713	922.21782	574.96040
92	3	1	867.66337	618.50495	989.94059	582.38614
92	4	0	488.70297	713.90099	411.58416	586.06931
92	4	1	629.79208	686.27723	548.81188	588.14851
92	5	0	734.19802	689.14851	624.03960	604.55446
92	5	1	891.92079	668.65347	767.20792	606.63366
92	6	0	256.65347	627.98020	421.78218	500.19802
92	6	1	316.95050	624.71287	475.24752	507.32673
92	7	0	1144.08911	606.42574	1283.70297	618.96040
92	7	1	1191.91089	609.69307	1336.87129	633.81188
92	8	0	904.93069	657.06931	922.78218	617.17822
92	8	1	964.33663	654.09901	988.42574	622.82178
92	9	0	908.00000	652.38614	914.52475	611.36634
92	9	1	960.27723	642.88119	977.79208	612.55446
92	10	0	750.00000	765.22772	613.25743	676.14851
92	10	1	907.42574	748.29703	774.54455	695.75248
93	0	0	1198.74082	636.71642	674.92130	677.01493
93	1	0	1484.40294	752.38806	1526.34732	804.05224
93	1	1	1605.95593	727.53731	1646.22141	786.25373
93	2	0	1023.95488	529.70149	1227.76600	546.70149
93	2	1	1082.04512	534.73881	1285.85624	556.44030
93	3	0	1396.09549	528.56716	1629.66842	553.06716
93	3	1	1502.87408	524.87313	1729.05981	547.02239
94	0	0	1523.10598	606.49254	384.80588	540.00000
95	0	0	1319.62225	612.53731	689.02413	660.89552
96	0	0	1165.97030	693.13861	1029.61386	683.79208
96	0	1	1026.36634	644.12871	921.49505	611.61386
98	0	0	665.97030	649.73267	766.41584	579.86139
98	0	1	575.67327	652.40594	681.16832	569.16832
98	1	0	648.69307	653.69307	768.78218	580.99010
98	1	1	606.51485	655.77228	730.16832	578.31683
98	2	0	1155.92079	705.17822	1145.08911	707.88119
98	2	1	1062.81188	683.25743	1070.83168	678.47525
98	3	0	1011.08911	699.80198	1059.80198	684.35644
98	3	1	935.66337	702.22772	986.15842	671.64356
98	4	0	429.98020	721.79208	490.73267	603.82178
98	4	1	461.16832	715.25743	527.56436	604.41584
99	0	0	1363.94544	592.38806	658.80378	662.91045
